19.32849641889334
107.774723
179.7530725598335
1304.504060
344.6100479923189
2501.601865
400.8933752775192
3703.694025
527.4516372010112
4898.501309
 
53.52562759071589
191.316827
532.6663106679916
2578.923055
1018.078034278005
4969.848224
1511.070445179939
7292.924829
1999.934975523502
9671.597454
 
109.6010045148432
251.017473
1171.498735435307
3821.714785
2346.380694303662
7384.704779
3285.115033388138
10938.098948
4419.263356830925
14515.127635
 
176.4682955108583
289.402351
2053.35042392835
5080.228774
3975.164386909455
9871.905914
5882.115382701159
14649.447463
7780.552781186998
19469.050860
 
195.8354404196143
306.830294
3123.759812209755
6374.436460
6053.463556803763
12442.224814
9114.776331465691
18490.446149
11932.70302144811
24573.370869
 
